X Y reg_50 nei_50 reg_75 nei_75
[16] [5] 5.37 5.43 7.41 7.29
[16] [6] 5.53 5.96 7.13 8.54
[16] [7] 5.45 5.21 7.37 6.88
[16] [8] 5.78 6.26 8.01 8.81
[16] [11] 5.31 5.70 7.12 8.03
[50] [5] 5.84 5.49 8.20 7.19
[50] [6] 5.59 5.79 7.13 7.59
[50] [7] 5.55 5.39 7.60 7.13
[50] [8] 6.13 6.29 8.06 8.68
[50] [11] 5.56 5.57 7.02 7.25
[51] [5] 5.54 5.32 8.01 7.14
[51] [6] 5.16 5.48 6.66 7.17
[51] [7] 5.35 5.19 7.54 6.87
[51] [8] 6.33 5.85 8.51 7.66
[51] [11] 5.57 5.28 7.36 6.78
[70] [5] 5.53 5.40 7.66 7.14
[70] [6] 5.67 6.52 7.33 9.01
[70] [7] 5.55 5.52 7.40 7.34
[70] [8] 5.98 7.00 8.02 9.55
[70] [11] 5.57 5.77 7.28 7.70
[16, 50] [5] 4.85 4.64 6.62 6.44
[16, 50] [6] 4.71 5.08 6.29 7.11
[16, 50] [7] 4.90 4.58 6.93 6.32
[16, 50] [8] 4.75 5.34 6.37 7.54
[16, 50] [11] 4.59 4.92 6.04 6.72
[16, 51] [5] 4.65 4.41 6.36 6.10
[16, 51] [6] 4.40 4.81 6.07 6.59
[16, 51] [7] 4.63 4.37 6.27 6.04
[16, 51] [8] 4.80 4.99 6.78 6.75
[16, 51] [11] 4.33 4.62 5.75 6.28
[16, 70] [5] 5.16 5.17 7.26 6.88
[16, 70] [6] 5.32 5.89 6.90 8.40
[16, 70] [7] 5.08 5.11 6.89 6.77
[16, 70] [8] 5.65 6.21 7.75 8.71
[16, 70] [11] 4.93 5.51 6.46 7.88
[50, 51] [5] 5.39 5.20 7.75 6.83
[50, 51] [6] 4.96 5.27 6.38 7.03
[50, 51] [7] 5.14 5.07 7.05 6.58
[50, 51] [8] 5.67 5.64 7.64 7.45
[50, 51] [11] 5.07 5.16 6.61 6.82
[50, 70] [5] 5.07 4.73 7.33 6.40
[50, 70] [6] 4.86 5.45 6.39 7.46
[50, 70] [7] 4.83 4.89 6.57 6.61
[50, 70] [8] 5.13 5.84 6.76 8.40
[50, 70] [11] 4.80 5.05 6.57 6.83
[51, 70] [5] 4.80 4.44 6.80 6.01
[51, 70] [6] 4.64 5.06 6.46 6.94
[51, 70] [7] 4.62 4.56 6.38 6.03
[51, 70] [8] 5.10 5.37 6.83 7.53
[51, 70] [11] 4.50 4.68 6.29 6.27
[16, 50, 51] [5] 4.47 4.12 6.11 5.83
[16, 50, 51] [6] 4.12 4.50 5.72 6.18
[16, 50, 51] [7] 4.50 4.11 6.20 5.75
[16, 50, 51] [8] 4.39 4.70 6.21 6.47
[16, 50, 51] [11] 4.12 4.35 5.66 6.07
[16, 50, 70] [5] 4.54 4.33 6.29 6.07
[16, 50, 70] [6] 4.41 4.91 5.98 7.04
[16, 50, 70] [7] 4.46 4.31 6.15 5.98
[16, 50, 70] [8] 4.50 5.24 6.08 7.50
[16, 50, 70] [11] 4.42 4.66 6.05 6.48
[16, 51, 70] [5] 4.35 4.12 6.03 5.70
[16, 51, 70] [6] 4.20 4.61 5.72 6.36
[16, 51, 70] [7] 4.20 4.13 5.85 5.79
[16, 51, 70] [8] 4.42 4.92 6.26 6.81
[16, 51, 70] [11] 4.15 4.41 5.73 6.11
[50, 51, 70] [5] 4.57 4.23 6.28 5.76
[50, 51, 70] [6] 4.41 4.79 5.96 6.40
[50, 51, 70] [7] 4.47 4.32 6.25 5.90
[50, 51, 70] [8] 4.61 5.11 6.34 7.11
[50, 51, 70] [11] 4.25 4.41 5.78 5.83
[16, 50, 51, 70] [5] 4.09 3.88 5.63 5.58
[16, 50, 51, 70] [6] 3.95 4.33 5.34 5.94
[16, 50, 51, 70] [7] 4.03 3.82 5.58 5.50
[16, 50, 51, 70] [8] 4.06 4.63 5.68 6.50
[16, 50, 51, 70] [11] 3.93 4.12 5.51 5.75
