gone reg_50 nei_50 cmb_50 all_50 reg_75 nei_75 cmb_75 all_75
Using common approach (only in both sets [16, 50, 51, 70]) -> 4.64 [6.35] 
[5] 4.09 3.86 3.98 3.52 5.51 5.30 5.40 4.70
[6] 4.15 4.49 4.39 3.53 5.71 6.07 6.10 4.87
[7] 4.11 3.84 4.02 3.82 5.56 5.28 5.59 5.28
[8] 4.19 4.84 4.07 3.54 5.60 6.85 5.58 4.81
[11] 3.99 4.20 3.85 3.47 5.41 5.86 5.27 4.73
[5, 6] 4.05 4.57 4.13 2.99 5.59 6.39 5.73 3.96
[5, 7] 3.96 3.92 3.88 3.42 5.44 5.39 5.27 4.60
[5, 8] 4.33 4.88 4.40 3.01 6.01 6.94 6.24 3.99
[5, 11] 4.03 4.24 3.89 2.92 5.42 5.81 5.35 3.86
[6, 7] 4.04 4.59 3.98 3.18 5.60 6.48 5.52 4.38
[6, 8] 4.14 4.68 4.32 3.46 5.70 6.44 5.97 4.64
[6, 11] 4.14 4.55 4.21 3.19 5.63 6.19 5.72 4.39
[7, 8] 4.18 4.85 4.13 3.24 5.68 6.79 5.79 4.42
[7, 11] 4.02 4.27 3.96 3.14 5.48 6.03 5.40 4.20
[8, 11] 4.36 4.89 4.39 3.25 5.97 6.73 6.13 4.42
[5, 6, 7] 4.26 4.56 4.22 2.94 5.88 6.49 5.82 3.98
[5, 6, 8] 4.16 4.71 4.29 2.94 5.65 6.50 5.86 3.86
[5, 6, 11] 4.21 4.61 4.17 2.66 5.72 6.43 5.74 3.54
[5, 7, 8] 4.27 4.89 4.25 2.97 5.80 6.82 5.78 3.99
[5, 7, 11] 4.07 4.06 3.90 2.90 5.60 5.78 5.36 3.88
[5, 8, 11] 4.18 4.92 4.15 2.69 5.70 6.81 5.75 3.56
[5, 6, 7, 8] 4.21 4.80 4.43 2.89 5.70 6.67 6.14 3.84
[5, 6, 7, 11] 4.19 4.67 4.09 2.64 5.66 6.64 5.73 3.53
[5, 6, 7, 8, 11] 4.20 4.72 4.27 2.61 5.66 6.61 5.85 3.47
